C:\Users\Dell G3\OneDrive\เอกสาร\I2P2-MiniChess

/mnt/c/Users/Dell\ G3/OneDrive/เอกสาร/I2P2-MiniChess

./build/main ./build/player_random ./build/baseline1

./build/main ./build/baseline2 ./build/player_random


const int W_pawn_value[6][5] = {
    0,   0,   0,   0,   0,
   50,  50,  50,  50,  50,
   10,  20,  30,  20,  10,
   -5,   5,  10,   5,   0, 
  -10,   0,   0, -10, -20,
    0,   0,   0,   0,   0
};
const int B_pawn_value[6][5] = {
    0,   0,   0,   0,   0,
  -20, -10,   0,   0, -10,
    0,   5,  10,   5,  -5,
   10,  20,  30,  20,  10, 
   50,  50,  50,  50,  50,
    0,   0,   0,   0,   0
};

//const int rook_value = 6;

const int W_rook_value[6][5] = {
    0,   0,   0,   0,   0,
    5,  10,  10,  10,  10,
   -5,   0,   0,   0,  -5,
   -5,   0,   0,   0,  -5, 
   -5,   0,   0,   0,  -5,
    0,   0,   0,   0,   0
};
const int B_rook_value[6][5] = {
    0,   0,   0,   0,   0,
   -5,   0,   0,   0,  -5,
   -5,   0,   0,   0,  -5,
   -5,   0,   0,   0,  -5, 
   10,  10,  10,  10,   5,
    0,   0,   0,   0,   0
};
//const int knight_value = 7;

const int W_knight_value[6][5] = {
  -40, -20, -10, -20, -40,
  -30,   0,   0,   0, -30,
  -10,   5,  10,   5, -20,
    5,   0,   5,   0, -20, 
  -30,   0,   0,   0, -30,
  -40, -20, -10, -20, -40
};
const int B_knight_value[6][5] = {
  -40, -20, -10, -20, -40,
  -30,   0,   0,   0, -30,
  -20,   0,   5,   0,   5,
  -20,   5,  10,   5, -10, 
  -30,   0,   0,   0, -30,
  -40, -20, -10, -20, -40
};
//const int bishop_value = 8;

const int W_bishop_value[6][5] = {
  -20, -10, -10, -10, -20, 
  -10,   0,   0,   0, -10, 
  -10,   0,   5,   0, -10, 
  -10,  10,  10,  10, -10, 
  -10,   5,   0,   5,   0,
  -20, -10, -10, -10, -20
};
const int B_bishop_value[6][5] = {
  -20, -10, -10, -10, -20, 
    0,   5,   0,   5, -10, 
  -10,  10,  10,  10, -10, 
  -10,   0,   5,   0, -10, 
  -10,   0,   0,   0, -10,
  -20, -10, -10, -10, -20
};
//const int queen_value = 20;

const int W_queen_value[6][5] = {
   -5,  -5, -10, -10, -10,
   -5,   0,   0,   0,   0,
    0,   5,   5,   5,   0,
    0,   5,   5,   5,   0,
    0,   0,   5,   0,   5,
   -5, -10, -10,  -5,  -5
};
const int B_queen_value[6][5] = {
   -5,  -5, -10, -10,  -5,
    5,   0,   5,   0,   0,
    0,   5,   5,   5,   0,
    0,   5,   5,   5,   0,
    0,   0,   0,   0,   0,
  -10, -10, -10,  -5,  -5
};
//const int king_value = 1000000000;

const int W_king_value[6][5] = {
  -50, -50, -40, -40, -30,
  -50, -50, -40, -40, -30,
  -50, -40, -30, -30, -30,
  -10, -20, -20, -20, -20,
   10,   0,   0,   0,   0,
   10,  10,   5,   0,   0
};
const int B_king_value[6][5] = {
    0,   0,   5,  10,  10,
    0,   0,   0,   0,  10,
  -20, -20, -20, -20, -10,
  -30, -30, -30, -40, -50,
  -30, -40, -40, -50, -50,
  -30, -40, -40, -50, -50
};